Year Lat Lon PMDI
0 36.25 -108.25 1.19
1 36.25 -108.25 -0.53
2 36.25 -108.25 -1.81
3 36.25 -108.25 -2.18
4 36.25 -108.25 -1.55
5 36.25 -108.25 -2.05
6 36.25 -108.25 0.3
7 36.25 -108.25 -0.65
8 36.25 -108.25 -0.7
9 36.25 -108.25 -0.88
10 36.25 -108.25 -0.75
11 36.25 -108.25 -0.51
12 36.25 -108.25 -1.6
13 36.25 -108.25 -2.42
14 36.25 -108.25 -2.35
15 36.25 -108.25 -4.9
16 36.25 -108.25 -3.19
17 36.25 -108.25 -2.6
18 36.25 -108.25 -1.39
19 36.25 -108.25 -0.98
20 36.25 -108.25 -1.56
21 36.25 -108.25 -0.67
22 36.25 -108.25 -1.89
23 36.25 -108.25 -0.27
24 36.25 -108.25 -2.89
25 36.25 -108.25 -2.12
26 36.25 -108.25 -2.53
27 36.25 -108.25 -2.28
28 36.25 -108.25 -0.84
29 36.25 -108.25 -1.89
30 36.25 -108.25 -1.04
31 36.25 -108.25 0.85
32 36.25 -108.25 7.52
33 36.25 -108.25 4.13
34 36.25 -108.25 9.25
35 36.25 -108.25 4.34
36 36.25 -108.25 1.89
37 36.25 -108.25 -0.92
38 36.25 -108.25 -1.18
39 36.25 -108.25 -0.94
40 36.25 -108.25 -0.07
41 36.25 -108.25 0.84
42 36.25 -108.25 -1.07
43 36.25 -108.25 -0.74
44 36.25 -108.25 -1.63
45 36.25 -108.25 -0.73
46 36.25 -108.25 -0.96
47 36.25 -108.25 -0.78
48 36.25 -108.25 -2.59
49 36.25 -108.25 -2.6
50 36.25 -108.25 1.71
51 36.25 -108.25 0.96
52 36.25 -108.25 -0.43
53 36.25 -108.25 -5
54 36.25 -108.25 -2.2
55 36.25 -108.25 -1.2
56 36.25 -108.25 -2.84
57 36.25 -108.25 -3.54
58 36.25 -108.25 -0.36
59 36.25 -108.25 0.71
60 36.25 -108.25 0.69
61 36.25 -108.25 2.73
62 36.25 -108.25 4.46
63 36.25 -108.25 5.29
64 36.25 -108.25 -0.54
65 36.25 -108.25 -2.83
66 36.25 -108.25 -0.47
67 36.25 -108.25 3.61
68 36.25 -108.25 4.36
69 36.25 -108.25 -2.38
70 36.25 -108.25 -2.07
71 36.25 -108.25 -1.33
72 36.25 -108.25 -0.56
73 36.25 -108.25 -0.25
74 36.25 -108.25 0.51
75 36.25 -108.25 -1.32
76 36.25 -108.25 0
77 36.25 -108.25 0.06
78 36.25 -108.25 8.49
79 36.25 -108.25 9.36
80 36.25 -108.25 1.3
81 36.25 -108.25 1.14
82 36.25 -108.25 1.74
83 36.25 -108.25 4.67
84 36.25 -108.25 2.78
85 36.25 -108.25 0.14
86 36.25 -108.25 -0.75
87 36.25 -108.25 0.52
88 36.25 -108.25 2.02
89 36.25 -108.25 2.63
90 36.25 -108.25 3.2
91 36.25 -108.25 1.13
92 36.25 -108.25 0.81
93 36.25 -108.25 -1.08
94 36.25 -108.25 -0.46
95 36.25 -108.25 -0.39
96 36.25 -108.25 2.53
97 36.25 -108.25 3.18
98 36.25 -108.25 3
99 36.25 -108.25 4.34
100 36.25 -108.25 -1.62
101 36.25 -108.25 -0.37
102 36.25 -108.25 -3.16
103 36.25 -108.25 -1.85
104 36.25 -108.25 -1.1
105 36.25 -108.25 -2.87
106 36.25 -108.25 -1.6
107 36.25 -108.25 -2.32
108 36.25 -108.25 -1.34
109 36.25 -108.25 -5.06
110 36.25 -108.25 -2.04
111 36.25 -108.25 -1.79
112 36.25 -108.25 -1.72
113 36.25 -108.25 0.38
114 36.25 -108.25 -0.66
115 36.25 -108.25 0.25
116 36.25 -108.25 -2.45
117 36.25 -108.25 -0.6
118 36.25 -108.25 -0.75
119 36.25 -108.25 1.02
120 36.25 -108.25 -0.57
121 36.25 -108.25 4.15
122 36.25 -108.25 3.63
123 36.25 -108.25 -1.34
124 36.25 -108.25 -0.81
125 36.25 -108.25 -0.33
126 36.25 -108.25 -1.52
127 36.25 -108.25 -0.9
128 36.25 -108.25 0.38
129 36.25 -108.25 -3.5
130 36.25 -108.25 -0.72
131 36.25 -108.25 -4.13
132 36.25 -108.25 -1.71
133 36.25 -108.25 -2.24
134 36.25 -108.25 -2.64
135 36.25 -108.25 -3.07
136 36.25 -108.25 0.38
137 36.25 -108.25 -2.4
138 36.25 -108.25 -0.27
139 36.25 -108.25 -0.92
140 36.25 -108.25 -1.4
141 36.25 -108.25 -0.89
142 36.25 -108.25 -1.92
143 36.25 -108.25 -3.25
144 36.25 -108.25 -3.74
145 36.25 -108.25 -5.74
146 36.25 -108.25 -3.52
147 36.25 -108.25 -4.62
148 36.25 -108.25 -2.68
149 36.25 -108.25 -2.32
150 36.25 -108.25 -4.59
151 36.25 -108.25 -2.38
152 36.25 -108.25 -1.93
153 36.25 -108.25 0.35
154 36.25 -108.25 -1.59
155 36.25 -108.25 1.34
156 36.25 -108.25 1.41
157 36.25 -108.25 -0.55
158 36.25 -108.25 -1.61
159 36.25 -108.25 -2.27
160 36.25 -108.25 -2.18
161 36.25 -108.25 -2.23
162 36.25 -108.25 -4.82
163 36.25 -108.25 -2.03
164 36.25 -108.25 -0.11
165 36.25 -108.25 -2.03
166 36.25 -108.25 -1.74
167 36.25 -108.25 -0.63
168 36.25 -108.25 -0.25
169 36.25 -108.25 -2.07
170 36.25 -108.25 1.82
171 36.25 -108.25 1.4
172 36.25 -108.25 1.18
173 36.25 -108.25 -1.46
174 36.25 -108.25 -2.4
175 36.25 -108.25 -1.6
176 36.25 -108.25 -1.67
177 36.25 -108.25 -0.21
178 36.25 -108.25 -2.73
179 36.25 -108.25 -2.04
180 36.25 -108.25 -1
181 36.25 -108.25 -3.32
182 36.25 -108.25 -0.66
183 36.25 -108.25 0.35
184 36.25 -108.25 0.52
185 36.25 -108.25 1.72
186 36.25 -108.25 1.2
187 36.25 -108.25 0.56
188 36.25 -108.25 0.29
189 36.25 -108.25 0.09
190 36.25 -108.25 -2.22
191 36.25 -108.25 1.8
192 36.25 -108.25 0.64
193 36.25 -108.25 1.32
194 36.25 -108.25 1.73
195 36.25 -108.25 0.86
196 36.25 -108.25 2.27
197 36.25 -108.25 0.07
198 36.25 -108.25 0.85
199 36.25 -108.25 -0.64
200 36.25 -108.25 1.04
201 36.25 -108.25 -2.28
202 36.25 -108.25 -3
203 36.25 -108.25 -0.11
204 36.25 -108.25 -0.71
205 36.25 -108.25 -0.36
206 36.25 -108.25 1.54
207 36.25 -108.25 -2.13
208 36.25 -108.25 -1.63
209 36.25 -108.25 -1.58
210 36.25 -108.25 -0.71
211 36.25 -108.25 -0.18
212 36.25 -108.25 1.28
213 36.25 -108.25 -0.06
214 36.25 -108.25 -1.13
215 36.25 -108.25 -1.62
216 36.25 -108.25 0.25
217 36.25 -108.25 -0.15
218 36.25 -108.25 -1.08
219 36.25 -108.25 -1
220 36.25 -108.25 0.03
221 36.25 -108.25 0.58
222 36.25 -108.25 -0.51
223 36.25 -108.25 -1.76
224 36.25 -108.25 -0.85
225 36.25 -108.25 -0.16
226 36.25 -108.25 -2.98
227 36.25 -108.25 1.58
228 36.25 -108.25 2.56
229 36.25 -108.25 -0.73
230 36.25 -108.25 -0.52
231 36.25 -108.25 -1.15
232 36.25 -108.25 1
233 36.25 -108.25 -2.05
234 36.25 -108.25 -2.2
235 36.25 -108.25 -2.21
236 36.25 -108.25 -3.65
237 36.25 -108.25 -1.41
238 36.25 -108.25 -1.75
239 36.25 -108.25 -0.14
240 36.25 -108.25 1.84
241 36.25 -108.25 0.97
242 36.25 -108.25 -0.49
243 36.25 -108.25 -2.84
244 36.25 -108.25 -2.01
245 36.25 -108.25 -1.88
246 36.25 -108.25 -0.23
247 36.25 -108.25 0.73
248 36.25 -108.25 -2.24
249 36.25 -108.25 -0.95
250 36.25 -108.25 -0.1
251 36.25 -108.25 -1.73
252 36.25 -108.25 0.17
253 36.25 -108.25 -0.32
254 36.25 -108.25 1.26
255 36.25 -108.25 0.53
256 36.25 -108.25 1.22
257 36.25 -108.25 0.47
258 36.25 -108.25 -2.01
259 36.25 -108.25 -1.56
260 36.25 -108.25 -0.6
261 36.25 -108.25 -1.95
262 36.25 -108.25 -0.58
263 36.25 -108.25 1.22
264 36.25 -108.25 1.17
265 36.25 -108.25 -0.19
266 36.25 -108.25 0
267 36.25 -108.25 0.64
268 36.25 -108.25 9.1
269 36.25 -108.25 8.32
270 36.25 -108.25 1.84
271 36.25 -108.25 1.72
272 36.25 -108.25 0.74
273 36.25 -108.25 3.94
274 36.25 -108.25 -1.85
275 36.25 -108.25 -1.73
276 36.25 -108.25 2.08
277 36.25 -108.25 2.77
278 36.25 -108.25 0
279 36.25 -108.25 -0.48
280 36.25 -108.25 2.76
281 36.25 -108.25 2.16
282 36.25 -108.25 2.18
283 36.25 -108.25 1.67
284 36.25 -108.25 -0.09
285 36.25 -108.25 -0.17
286 36.25 -108.25 -1.12
287 36.25 -108.25 0.98
288 36.25 -108.25 2.28
289 36.25 -108.25 2.28
290 36.25 -108.25 1.18
291 36.25 -108.25 -3.11
292 36.25 -108.25 -0.67
293 36.25 -108.25 -1.18
294 36.25 -108.25 -3.11
295 36.25 -108.25 1.06
296 36.25 -108.25 0.91
297 36.25 -108.25 -1.76
298 36.25 -108.25 0.77
299 36.25 -108.25 1.04
300 36.25 -108.25 -1.25
301 36.25 -108.25 1.25
302 36.25 -108.25 -2.93
303 36.25 -108.25 0.24
304 36.25 -108.25 6.41
305 36.25 -108.25 0.52
306 36.25 -108.25 0.2
307 36.25 -108.25 -0.66
308 36.25 -108.25 -0.88
309 36.25 -108.25 0.92
310 36.25 -108.25 2.27
311 36.25 -108.25 0.99
312 36.25 -108.25 -1.62
313 36.25 -108.25 -1.77
314 36.25 -108.25 2.36
315 36.25 -108.25 -0.4
316 36.25 -108.25 1.11
317 36.25 -108.25 0.53
318 36.25 -108.25 -1.29
319 36.25 -108.25 1.14
320 36.25 -108.25 -4.18
321 36.25 -108.25 -1.29
322 36.25 -108.25 -0.44
323 36.25 -108.25 -0.11
324 36.25 -108.25 -2.31
325 36.25 -108.25 -0.68
326 36.25 -108.25 -3.13
327 36.25 -108.25 -1.2
328 36.25 -108.25 -0.47
329 36.25 -108.25 0.63
330 36.25 -108.25 -0.05
331 36.25 -108.25 0.7
332 36.25 -108.25 0.59
333 36.25 -108.25 -1.91
334 36.25 -108.25 1.64
335 36.25 -108.25 0.24
336 36.25 -108.25 1.5
337 36.25 -108.25 0.68
338 36.25 -108.25 2.18
339 36.25 -108.25 0.29
340 36.25 -108.25 -2.55
341 36.25 -108.25 -3.29
342 36.25 -108.25 -2.59
343 36.25 -108.25 -1.14
344 36.25 -108.25 -3.32
345 36.25 -108.25 -1.25
346 36.25 -108.25 1.17
347 36.25 -108.25 0.14
348 36.25 -108.25 -0.28
349 36.25 -108.25 1.18
350 36.25 -108.25 -0.81
351 36.25 -108.25 0.44
352 36.25 -108.25 1.5
353 36.25 -108.25 -0.2
354 36.25 -108.25 0.79
355 36.25 -108.25 1.69
356 36.25 -108.25 1.12
357 36.25 -108.25 0.01
358 36.25 -108.25 1.21
359 36.25 -108.25 -2.18
360 36.25 -108.25 1.25
361 36.25 -108.25 -3.55
362 36.25 -108.25 -0.99
363 36.25 -108.25 -0.6
364 36.25 -108.25 -2.25
365 36.25 -108.25 -1.09
366 36.25 -108.25 -1.24
367 36.25 -108.25 0.89
368 36.25 -108.25 -0.74
369 36.25 -108.25 -2.28
370 36.25 -108.25 -3.64
371 36.25 -108.25 1.18
372 36.25 -108.25 2.44
373 36.25 -108.25 -0.77
374 36.25 -108.25 2.1
375 36.25 -108.25 -0.9
376 36.25 -108.25 1.29
377 36.25 -108.25 -0.08
378 36.25 -108.25 -0.66
379 36.25 -108.25 2.19
380 36.25 -108.25 -0.17
381 36.25 -108.25 -0.89
382 36.25 -108.25 -2.93
383 36.25 -108.25 -0.4
384 36.25 -108.25 2.35
385 36.25 -108.25 -3.48
386 36.25 -108.25 -0.69
387 36.25 -108.25 0.76
388 36.25 -108.25 0.71
389 36.25 -108.25 -0.04
390 36.25 -108.25 -0.35
391 36.25 -108.25 -0.27
392 36.25 -108.25 -2.35
393 36.25 -108.25 -2.29
394 36.25 -108.25 0.91
395 36.25 -108.25 -0.1
396 36.25 -108.25 -0.84
397 36.25 -108.25 1.08
398 36.25 -108.25 -0.71
399 36.25 -108.25 -1.4
400 36.25 -108.25 -1.54
401 36.25 -108.25 1.14
402 36.25 -108.25 -0.53
403 36.25 -108.25 -2.37
404 36.25 -108.25 1.86
405 36.25 -108.25 0.26
406 36.25 -108.25 -0.35
407 36.25 -108.25 2.43
408 36.25 -108.25 3.2
409 36.25 -108.25 -1.19
410 36.25 -108.25 1.21
411 36.25 -108.25 -0.13
412 36.25 -108.25 1.35
413 36.25 -108.25 1.89
414 36.25 -108.25 2.33
415 36.25 -108.25 1.62
416 36.25 -108.25 -0.15
417 36.25 -108.25 0.05
418 36.25 -108.25 0.01
419 36.25 -108.25 -1.41
420 36.25 -108.25 -1.46
421 36.25 -108.25 1.12
422 36.25 -108.25 1.84
423 36.25 -108.25 -2.42
424 36.25 -108.25 -0.35
425 36.25 -108.25 -0.55
426 36.25 -108.25 -3.2
427 36.25 -108.25 -2.08
428 36.25 -108.25 -0.26
429 36.25 -108.25 -1.5
430 36.25 -108.25 0.59
431 36.25 -108.25 -3.08
432 36.25 -108.25 -1.08
433 36.25 -108.25 4.63
434 36.25 -108.25 1.63
435 36.25 -108.25 -0.1
436 36.25 -108.25 3.28
437 36.25 -108.25 1.17
438 36.25 -108.25 -1.97
439 36.25 -108.25 -2.32
440 36.25 -108.25 -0.35
441 36.25 -108.25 0.77
442 36.25 -108.25 -1.06
443 36.25 -108.25 -0.91
444 36.25 -108.25 -0.48
445 36.25 -108.25 1.03
446 36.25 -108.25 -2.23
447 36.25 -108.25 -3.62
448 36.25 -108.25 -0.17
449 36.25 -108.25 -2.21
450 36.25 -108.25 1.26
451 36.25 -108.25 0.87
452 36.25 -108.25 -3.07
453 36.25 -108.25 -2.08
454 36.25 -108.25 1.12
455 36.25 -108.25 -3.43
456 36.25 -108.25 -2.29
457 36.25 -108.25 -1.35
458 36.25 -108.25 0.77
459 36.25 -108.25 2.66
460 36.25 -108.25 -1.24
461 36.25 -108.25 -2.62
462 36.25 -108.25 -0.26
463 36.25 -108.25 -3.14
464 36.25 -108.25 0.94
465 36.25 -108.25 1.83
466 36.25 -108.25 -0.67
467 36.25 -108.25 -0.32
468 36.25 -108.25 0.61
469 36.25 -108.25 -1.11
470 36.25 -108.25 -0.64
471 36.25 -108.25 -1.92
472 36.25 -108.25 -1.69
473 36.25 -108.25 -3.11
474 36.25 -108.25 -2.58
475 36.25 -108.25 1.87
476 36.25 -108.25 0.28
477 36.25 -108.25 3.42
478 36.25 -108.25 0.59
479 36.25 -108.25 0.25
480 36.25 -108.25 -0.02
481 36.25 -108.25 -0.47
482 36.25 -108.25 1.01
483 36.25 -108.25 -0.67
484 36.25 -108.25 1.9
485 36.25 -108.25 -0.82
486 36.25 -108.25 -1.86
487 36.25 -108.25 1.17
488 36.25 -108.25 -1.22
489 36.25 -108.25 2.85
490 36.25 -108.25 2.3
491 36.25 -108.25 0.1
492 36.25 -108.25 1
493 36.25 -108.25 -1.97
494 36.25 -108.25 1.89
495 36.25 -108.25 2.8
496 36.25 -108.25 2.9
497 36.25 -108.25 0.83
498 36.25 -108.25 0.19
499 36.25 -108.25 2.3
500 36.25 -108.25 -1.26
501 36.25 -108.25 -0.82
502 36.25 -108.25 1.14
503 36.25 -108.25 1.53
504 36.25 -108.25 3.35
505 36.25 -108.25 0.28
506 36.25 -108.25 -0.89
507 36.25 -108.25 -1.9
508 36.25 -108.25 -2.59
509 36.25 -108.25 0.1
510 36.25 -108.25 1.89
511 36.25 -108.25 -0.09
512 36.25 -108.25 -2.37
513 36.25 -108.25 -3.09
514 36.25 -108.25 0.83
515 36.25 -108.25 -2.38
516 36.25 -108.25 -3.53
517 36.25 -108.25 -2.77
518 36.25 -108.25 -0.53
519 36.25 -108.25 -0.86
520 36.25 -108.25 -2.39
521 36.25 -108.25 -0.45
522 36.25 -108.25 1.87
523 36.25 -108.25 4.19
524 36.25 -108.25 -0.69
525 36.25 -108.25 -1.26
526 36.25 -108.25 -4.84
527 36.25 -108.25 -1.23
528 36.25 -108.25 0.3
529 36.25 -108.25 0.1
530 36.25 -108.25 1.73
531 36.25 -108.25 -0.96
532 36.25 -108.25 0
533 36.25 -108.25 0.09
534 36.25 -108.25 1.47
535 36.25 -108.25 -1.05
536 36.25 -108.25 -2.77
537 36.25 -108.25 1.06
538 36.25 -108.25 0.61
539 36.25 -108.25 -2.11
540 36.25 -108.25 -0.35
541 36.25 -108.25 0.51
542 36.25 -108.25 -3.41
543 36.25 -108.25 -3.57
544 36.25 -108.25 1.54
545 36.25 -108.25 -0.38
546 36.25 -108.25 3.27
547 36.25 -108.25 4.93
548 36.25 -108.25 1.81
549 36.25 -108.25 2.46
550 36.25 -108.25 2.24
551 36.25 -108.25 3.03
552 36.25 -108.25 2.85
553 36.25 -108.25 -0.28
554 36.25 -108.25 -4.07
555 36.25 -108.25 2.37
556 36.25 -108.25 1.68
557 36.25 -108.25 1.36
558 36.25 -108.25 -0.76
559 36.25 -108.25 -0.24
560 36.25 -108.25 -0.64
561 36.25 -108.25 -2.82
562 36.25 -108.25 0.94
563 36.25 -108.25 -3.32
564 36.25 -108.25 -1.44
565 36.25 -108.25 -2.88
566 36.25 -108.25 -0.5
567 36.25 -108.25 0.75
568 36.25 -108.25 -2.67
569 36.25 -108.25 -3.43
570 36.25 -108.25 -0.62
571 36.25 -108.25 3.26
572 36.25 -108.25 2.69
573 36.25 -108.25 1.82
574 36.25 -108.25 5.11
575 36.25 -108.25 7.96
576 36.25 -108.25 2.24
577 36.25 -108.25 -0.18
578 36.25 -108.25 -2.57
579 36.25 -108.25 -0.85
580 36.25 -108.25 -0.96
581 36.25 -108.25 1.83
582 36.25 -108.25 1.46
583 36.25 -108.25 0.37
584 36.25 -108.25 -1.82
585 36.25 -108.25 0.03
586 36.25 -108.25 0.09
587 36.25 -108.25 2.48
588 36.25 -108.25 -2.18
589 36.25 -108.25 4.28
590 36.25 -108.25 -2.3
591 36.25 -108.25 -3.34
592 36.25 -108.25 2.21
593 36.25 -108.25 1.99
594 36.25 -108.25 1.99
595 36.25 -108.25 2.36
596 36.25 -108.25 -0.49
597 36.25 -108.25 -0.76
598 36.25 -108.25 1.3
599 36.25 -108.25 -1.55
600 36.25 -108.25 3.49
601 36.25 -108.25 2.86
602 36.25 -108.25 0.14
603 36.25 -108.25 -1.84
604 36.25 -108.25 -0.94
605 36.25 -108.25 1.01
606 36.25 -108.25 0.25
607 36.25 -108.25 -0.15
608 36.25 -108.25 2.66
609 36.25 -108.25 0.18
610 36.25 -108.25 -1.53
611 36.25 -108.25 -4.23
612 36.25 -108.25 -0.04
613 36.25 -108.25 -0.43
614 36.25 -108.25 -0.86
615 36.25 -108.25 -2.94
616 36.25 -108.25 -0.83
617 36.25 -108.25 0.4
618 36.25 -108.25 1.38
619 36.25 -108.25 -1.75
620 36.25 -108.25 -3.91
621 36.25 -108.25 3.35
622 36.25 -108.25 6.84
623 36.25 -108.25 1.1
624 36.25 -108.25 -0.47
625 36.25 -108.25 -1.78
626 36.25 -108.25 -1.72
627 36.25 -108.25 0.51
628 36.25 -108.25 2.45
629 36.25 -108.25 1.31
630 36.25 -108.25 -3.22
631 36.25 -108.25 -0.45
632 36.25 -108.25 -0.42
633 36.25 -108.25 -1.64
634 36.25 -108.25 -2.34
635 36.25 -108.25 1.25
636 36.25 -108.25 10.07
637 36.25 -108.25 2.67
638 36.25 -108.25 -0.43
639 36.25 -108.25 -1.99
640 36.25 -108.25 -2.04
641 36.25 -108.25 2.57
642 36.25 -108.25 -0.41
643 36.25 -108.25 0.34
644 36.25 -108.25 -0.53
645 36.25 -108.25 -5.26
646 36.25 -108.25 -3.65
647 36.25 -108.25 -1.78
648 36.25 -108.25 -1.42
649 36.25 -108.25 2.47
650 36.25 -108.25 1.55
651 36.25 -108.25 -1.44
652 36.25 -108.25 0.14
653 36.25 -108.25 0.33
654 36.25 -108.25 -0.5
655 36.25 -108.25 0.88
656 36.25 -108.25 4.24
657 36.25 -108.25 0.75
658 36.25 -108.25 -1.18
659 36.25 -108.25 -0.77
660 36.25 -108.25 -4.17
661 36.25 -108.25 -1.97
662 36.25 -108.25 -0.44
663 36.25 -108.25 -3.01
664 36.25 -108.25 -2.38
665 36.25 -108.25 2.38
666 36.25 -108.25 2.02
667 36.25 -108.25 3.4
668 36.25 -108.25 1.5
669 36.25 -108.25 -0.76
670 36.25 -108.25 0.68
671 36.25 -108.25 -0.12
672 36.25 -108.25 0.84
673 36.25 -108.25 5.52
674 36.25 -108.25 0.31
675 36.25 -108.25 0.09
676 36.25 -108.25 1.42
677 36.25 -108.25 -3.06
678 36.25 -108.25 -1.96
679 36.25 -108.25 1.25
680 36.25 -108.25 -0.73
681 36.25 -108.25 -1.09
682 36.25 -108.25 1.21
683 36.25 -108.25 3.24
684 36.25 -108.25 6.2
685 36.25 -108.25 1.87
686 36.25 -108.25 -3.19
687 36.25 -108.25 -1.2
688 36.25 -108.25 3.11
689 36.25 -108.25 8.33
690 36.25 -108.25 -1.56
691 36.25 -108.25 0.85
692 36.25 -108.25 -1.05
693 36.25 -108.25 1.17
694 36.25 -108.25 -0.7
695 36.25 -108.25 1.78
696 36.25 -108.25 0.68
697 36.25 -108.25 1.16
698 36.25 -108.25 -0.44
699 36.25 -108.25 0.68
700 36.25 -108.25 0.78
701 36.25 -108.25 -0.12
702 36.25 -108.25 -0.21
703 36.25 -108.25 -0.63
704 36.25 -108.25 -3.36
705 36.25 -108.25 -1.95
706 36.25 -108.25 -2.93
707 36.25 -108.25 -2.5
708 36.25 -108.25 1.31
709 36.25 -108.25 -2.41
710 36.25 -108.25 0.69
711 36.25 -108.25 -1.3
712 36.25 -108.25 -3.17
713 36.25 -108.25 0.45
714 36.25 -108.25 1.57
715 36.25 -108.25 0.02
716 36.25 -108.25 0.05
717 36.25 -108.25 -1.42
718 36.25 -108.25 -1.95
719 36.25 -108.25 2.52
720 36.25 -108.25 2.81
721 36.25 -108.25 -0.56
722 36.25 -108.25 -1.26
723 36.25 -108.25 -2.38
724 36.25 -108.25 -2.7
725 36.25 -108.25 1.35
726 36.25 -108.25 0.77
727 36.25 -108.25 0.79
728 36.25 -108.25 3.46
729 36.25 -108.25 0.77
730 36.25 -108.25 3.79
731 36.25 -108.25 5.28
732 36.25 -108.25 1.57
733 36.25 -108.25 1.75
734 36.25 -108.25 0.19
735 36.25 -108.25 -1.64
736 36.25 -108.25 -0.39
737 36.25 -108.25 0.69
738 36.25 -108.25 -5.23
739 36.25 -108.25 -2.69
740 36.25 -108.25 0.8
741 36.25 -108.25 -0.93
742 36.25 -108.25 -3.41
743 36.25 -108.25 -0.45
744 36.25 -108.25 -0.7
745 36.25 -108.25 -0.26
746 36.25 -108.25 1.12
747 36.25 -108.25 0.06
748 36.25 -108.25 -2.89
749 36.25 -108.25 0.91
750 36.25 -108.25 -1.01
751 36.25 -108.25 -3.69
752 36.25 -108.25 -0.54
753 36.25 -108.25 -0.03
754 36.25 -108.25 -0.51
755 36.25 -108.25 -0.11
756 36.25 -108.25 -1.25
757 36.25 -108.25 -2.81
758 36.25 -108.25 -0.38
759 36.25 -108.25 1.15
760 36.25 -108.25 -1.02
761 36.25 -108.25 -0.51
762 36.25 -108.25 -1.02
763 36.25 -108.25 -0.37
764 36.25 -108.25 -0.62
765 36.25 -108.25 1.8
766 36.25 -108.25 3.46
767 36.25 -108.25 -0.01
768 36.25 -108.25 3.26
769 36.25 -108.25 0.42
770 36.25 -108.25 -2.12
771 36.25 -108.25 -1.56
772 36.25 -108.25 3.41
773 36.25 -108.25 0.93
774 36.25 -108.25 -3.18
775 36.25 -108.25 -1.08
776 36.25 -108.25 1.25
777 36.25 -108.25 0.96
778 36.25 -108.25 -0.88
779 36.25 -108.25 -2.48
780 36.25 -108.25 3.05
781 36.25 -108.25 1.35
782 36.25 -108.25 -3.01
783 36.25 -108.25 0.16
784 36.25 -108.25 3.16
785 36.25 -108.25 2.67
786 36.25 -108.25 -0.92
787 36.25 -108.25 3.08
788 36.25 -108.25 0.6
789 36.25 -108.25 0.83
790 36.25 -108.25 -0.55
791 36.25 -108.25 -0.3
792 36.25 -108.25 2.31
793 36.25 -108.25 1.86
794 36.25 -108.25 0.73
795 36.25 -108.25 -2.04
796 36.25 -108.25 -0.36
797 36.25 -108.25 -2.33
798 36.25 -108.25 1.13
799 36.25 -108.25 0.36
800 36.25 -108.25 4.21
801 36.25 -108.25 2.08
802 36.25 -108.25 2.69
803 36.25 -108.25 5.32
804 36.25 -108.25 3.69
805 36.25 -108.25 1.18
806 36.25 -108.25 -0.17
807 36.25 -108.25 -2.14
808 36.25 -108.25 -1.71
809 36.25 -108.25 -5.53
810 36.25 -108.25 0.82
811 36.25 -108.25 0.51
812 36.25 -108.25 0.38
813 36.25 -108.25 2.36
814 36.25 -108.25 0.96
815 36.25 -108.25 0.51
816 36.25 -108.25 -1.43
817 36.25 -108.25 -2.9
818 36.25 -108.25 -3.38
819 36.25 -108.25 -2.64
820 36.25 -108.25 5.08
821 36.25 -108.25 8.05
822 36.25 -108.25 2.92
823 36.25 -108.25 -4.44
824 36.25 -108.25 -3.14
825 36.25 -108.25 -2.75
826 36.25 -108.25 0.76
827 36.25 -108.25 0.75
828 36.25 -108.25 1.91
829 36.25 -108.25 -3.86
830 36.25 -108.25 -2.64
831 36.25 -108.25 2.75
832 36.25 -108.25 0.5
833 36.25 -108.25 0.11
834 36.25 -108.25 -0.81
835 36.25 -108.25 -2.07
836 36.25 -108.25 -0.06
837 36.25 -108.25 -2.3
838 36.25 -108.25 -0.33
839 36.25 -108.25 -0.3
840 36.25 -108.25 -3.14
841 36.25 -108.25 -0.23
842 36.25 -108.25 0.96
843 36.25 -108.25 3.87
844 36.25 -108.25 0.13
845 36.25 -108.25 0.5
846 36.25 -108.25 -1.79
847 36.25 -108.25 -3.81
848 36.25 -108.25 0.06
849 36.25 -108.25 -0.71
850 36.25 -108.25 0.03
851 36.25 -108.25 -1.23
852 36.25 -108.25 1.8
853 36.25 -108.25 1.38
854 36.25 -108.25 2.62
855 36.25 -108.25 0.05
856 36.25 -108.25 1.42
857 36.25 -108.25 -2.05
858 36.25 -108.25 3.03
859 36.25 -108.25 0.05
860 36.25 -108.25 0.23
861 36.25 -108.25 0.22
862 36.25 -108.25 1.28
863 36.25 -108.25 -0.32
864 36.25 -108.25 -1.05
865 36.25 -108.25 -0.48
866 36.25 -108.25 0.17
867 36.25 -108.25 -2.51
868 36.25 -108.25 -2.63
869 36.25 -108.25 1.65
870 36.25 -108.25 -1.27
871 36.25 -108.25 0.92
872 36.25 -108.25 -0.58
873 36.25 -108.25 0.73
874 36.25 -108.25 -0.99
875 36.25 -108.25 -1.68
876 36.25 -108.25 2.47
877 36.25 -108.25 -0.77
878 36.25 -108.25 -3.43
879 36.25 -108.25 -0.94
880 36.25 -108.25 -0.3
881 36.25 -108.25 0.41
882 36.25 -108.25 -1.78
883 36.25 -108.25 -1.7
884 36.25 -108.25 -3.41
885 36.25 -108.25 -0.28
886 36.25 -108.25 1.2
887 36.25 -108.25 1.53
888 36.25 -108.25 0.67
889 36.25 -108.25 -1.14
890 36.25 -108.25 2.29
891 36.25 -108.25 -0.18
892 36.25 -108.25 -2.8
893 36.25 -108.25 1.84
894 36.25 -108.25 -0.47
895 36.25 -108.25 -0.66
896 36.25 -108.25 2.03
897 36.25 -108.25 1.98
898 36.25 -108.25 2.2
899 36.25 -108.25 6.76
900 36.25 -108.25 -0.46
901 36.25 -108.25 -3.31
902 36.25 -108.25 0.46
903 36.25 -108.25 -1.27
904 36.25 -108.25 -0.19
905 36.25 -108.25 2.39
906 36.25 -108.25 -3.13
907 36.25 -108.25 -4.53
908 36.25 -108.25 1.94
909 36.25 -108.25 2.18
910 36.25 -108.25 0.51
911 36.25 -108.25 2.44
912 36.25 -108.25 0.43
913 36.25 -108.25 -0.63
914 36.25 -108.25 -0.39
915 36.25 -108.25 0.35
916 36.25 -108.25 0.31
917 36.25 -108.25 2.82
918 36.25 -108.25 2.19
919 36.25 -108.25 1.72
920 36.25 -108.25 -1.32
921 36.25 -108.25 -0.7
922 36.25 -108.25 -2.39
923 36.25 -108.25 -2.05
924 36.25 -108.25 -3.46
925 36.25 -108.25 0.72
926 36.25 -108.25 1.85
927 36.25 -108.25 -0.41
928 36.25 -108.25 2.23
929 36.25 -108.25 1.31
930 36.25 -108.25 -2.21
931 36.25 -108.25 -0.11
932 36.25 -108.25 0.82
933 36.25 -108.25 0.92
934 36.25 -108.25 -0.99
935 36.25 -108.25 -1.07
936 36.25 -108.25 0.17
937 36.25 -108.25 -1.59
938 36.25 -108.25 0.99
939 36.25 -108.25 -0.2
940 36.25 -108.25 0.19
941 36.25 -108.25 1.68
942 36.25 -108.25 1.07
943 36.25 -108.25 0.01
944 36.25 -108.25 0.16
945 36.25 -108.25 1.32
946 36.25 -108.25 2.68
947 36.25 -108.25 0.22
948 36.25 -108.25 0.48
949 36.25 -108.25 2.65
950 36.25 -108.25 0.06
951 36.25 -108.25 -2.57
952 36.25 -108.25 -0.88
953 36.25 -108.25 -0.13
954 36.25 -108.25 -3.41
955 36.25 -108.25 -1.51
956 36.25 -108.25 2.62
957 36.25 -108.25 -1.41
958 36.25 -108.25 -2.32
959 36.25 -108.25 1.68
960 36.25 -108.25 4.76
961 36.25 -108.25 0.36
962 36.25 -108.25 1.56
963 36.25 -108.25 2.23
964 36.25 -108.25 0.33
965 36.25 -108.25 0.73
966 36.25 -108.25 4.03
967 36.25 -108.25 2.81
968 36.25 -108.25 -0.48
969 36.25 -108.25 -2.48
970 36.25 -108.25 1.41
971 36.25 -108.25 0.18
972 36.25 -108.25 -3.65
973 36.25 -108.25 3.37
974 36.25 -108.25 1.14
975 36.25 -108.25 -2.84
976 36.25 -108.25 -1.15
977 36.25 -108.25 1.76
978 36.25 -108.25 -1.04
979 36.25 -108.25 -0.89
980 36.25 -108.25 -4.53
981 36.25 -108.25 -4.42
982 36.25 -108.25 0.1
983 36.25 -108.25 -0.79
984 36.25 -108.25 -2.3
985 36.25 -108.25 0.82
986 36.25 -108.25 2.36
987 36.25 -108.25 4.31
988 36.25 -108.25 6.18
989 36.25 -108.25 8.11
990 36.25 -108.25 -0.11
991 36.25 -108.25 -3.5
992 36.25 -108.25 -3
993 36.25 -108.25 -2.72
994 36.25 -108.25 0.45
995 36.25 -108.25 1.09
996 36.25 -108.25 1.58
997 36.25 -108.25 0.59
998 36.25 -108.25 0.16
999 36.25 -108.25 -2.39
1000 36.25 -108.25 1.4
1001 36.25 -108.25 -1.97
1002 36.25 -108.25 -1.93
1003 36.25 -108.25 -1.69
1004 36.25 -108.25 -0.97
1005 36.25 -108.25 -4.49
1006 36.25 -108.25 -0.86
1007 36.25 -108.25 1.94
1008 36.25 -108.25 0.72
1009 36.25 -108.25 -2.13
1010 36.25 -108.25 -1.58
1011 36.25 -108.25 -0.54
1012 36.25 -108.25 -0.21
1013 36.25 -108.25 -1.53
1014 36.25 -108.25 -3
1015 36.25 -108.25 0.19
1016 36.25 -108.25 1.85
1017 36.25 -108.25 0.96
1018 36.25 -108.25 -0.74
1019 36.25 -108.25 -2.54
1020 36.25 -108.25 2.13
1021 36.25 -108.25 0.87
1022 36.25 -108.25 -1.02
1023 36.25 -108.25 0.15
1024 36.25 -108.25 3.6
1025 36.25 -108.25 1.73
1026 36.25 -108.25 1.11
1027 36.25 -108.25 -0.38
1028 36.25 -108.25 0.62
1029 36.25 -108.25 1.75
1030 36.25 -108.25 -0.37
1031 36.25 -108.25 -1.5
1032 36.25 -108.25 -0.79
1033 36.25 -108.25 0.05
1034 36.25 -108.25 0.63
1035 36.25 -108.25 -3.43
1036 36.25 -108.25 -2.99
1037 36.25 -108.25 -0.38
1038 36.25 -108.25 -0.62
1039 36.25 -108.25 -1.04
1040 36.25 -108.25 -0.45
1041 36.25 -108.25 -2.32
1042 36.25 -108.25 0.82
1043 36.25 -108.25 -0.44
1044 36.25 -108.25 -1.93
1045 36.25 -108.25 0.43
1046 36.25 -108.25 -0.94
1047 36.25 -108.25 0.85
1048 36.25 -108.25 -2.57
1049 36.25 -108.25 0.4
1050 36.25 -108.25 2.16
1051 36.25 -108.25 0.82
1052 36.25 -108.25 4.44
1053 36.25 -108.25 1.42
1054 36.25 -108.25 1.29
1055 36.25 -108.25 -0.46
1056 36.25 -108.25 0.43
1057 36.25 -108.25 1.19
1058 36.25 -108.25 0.99
1059 36.25 -108.25 0.15
1060 36.25 -108.25 2.92
1061 36.25 -108.25 2.92
1062 36.25 -108.25 0.06
1063 36.25 -108.25 2.58
1064 36.25 -108.25 3.34
1065 36.25 -108.25 7.75
1066 36.25 -108.25 2.42
1067 36.25 -108.25 -3.86
1068 36.25 -108.25 -2.74
1069 36.25 -108.25 -0.01
1070 36.25 -108.25 1.53
1071 36.25 -108.25 -0.52
1072 36.25 -108.25 2.08
1073 36.25 -108.25 0.28
1074 36.25 -108.25 0.04
1075 36.25 -108.25 -0.71
1076 36.25 -108.25 1.69
1077 36.25 -108.25 1.58
1078 36.25 -108.25 0.01
1079 36.25 -108.25 2.91
1080 36.25 -108.25 3.26
1081 36.25 -108.25 -1.12
1082 36.25 -108.25 2.61
1083 36.25 -108.25 -0.78
1084 36.25 -108.25 0.96
1085 36.25 -108.25 -2.54
1086 36.25 -108.25 -1.53
1087 36.25 -108.25 3.47
1088 36.25 -108.25 2.68
1089 36.25 -108.25 0.45
1090 36.25 -108.25 -4.44
1091 36.25 -108.25 -3.43
1092 36.25 -108.25 0.48
1093 36.25 -108.25 -1.17
1094 36.25 -108.25 -0.77
1095 36.25 -108.25 0.5
1096 36.25 -108.25 1.42
1097 36.25 -108.25 -1.87
1098 36.25 -108.25 -1.71
1099 36.25 -108.25 -3.14
1100 36.25 -108.25 -0.01
1101 36.25 -108.25 -0.27
1102 36.25 -108.25 2.08
1103 36.25 -108.25 0.75
1104 36.25 -108.25 0.01
1105 36.25 -108.25 0.22
1106 36.25 -108.25 0.01
1107 36.25 -108.25 -1.06
1108 36.25 -108.25 -1.25
1109 36.25 -108.25 1.04
1110 36.25 -108.25 1.71
1111 36.25 -108.25 -0.08
1112 36.25 -108.25 1.72
1113 36.25 -108.25 0.72
1114 36.25 -108.25 1.12
1115 36.25 -108.25 1.99
1116 36.25 -108.25 5.96
1117 36.25 -108.25 4.41
1118 36.25 -108.25 1.99
1119 36.25 -108.25 1.13
1120 36.25 -108.25 1.74
1121 36.25 -108.25 -2.06
1122 36.25 -108.25 1.97
1123 36.25 -108.25 -0.17
1124 36.25 -108.25 1.74
1125 36.25 -108.25 0.44
1126 36.25 -108.25 -2.06
1127 36.25 -108.25 -0.07
1128 36.25 -108.25 2.38
1129 36.25 -108.25 4.44
1130 36.25 -108.25 0.12
1131 36.25 -108.25 -3
1132 36.25 -108.25 -1.18
1133 36.25 -108.25 -0.97
1134 36.25 -108.25 -2.32
1135 36.25 -108.25 -1.33
1136 36.25 -108.25 -0.17
1137 36.25 -108.25 -0.44
1138 36.25 -108.25 -1.42
1139 36.25 -108.25 0.47
1140 36.25 -108.25 -2.28
1141 36.25 -108.25 1.01
1142 36.25 -108.25 1.04
1143 36.25 -108.25 -0.6
1144 36.25 -108.25 -0.71
1145 36.25 -108.25 0.9
1146 36.25 -108.25 -3.14
1147 36.25 -108.25 -2.51
1148 36.25 -108.25 -2.34
1149 36.25 -108.25 -1.21
1150 36.25 -108.25 -4.35
1151 36.25 -108.25 -3.44
1152 36.25 -108.25 2.47
1153 36.25 -108.25 0.37
1154 36.25 -108.25 -1.54
1155 36.25 -108.25 1.14
1156 36.25 -108.25 -2.42
1157 36.25 -108.25 -2.31
1158 36.25 -108.25 -3.39
1159 36.25 -108.25 1.6
1160 36.25 -108.25 2.14
1161 36.25 -108.25 -2.41
1162 36.25 -108.25 2.77
1163 36.25 -108.25 3.97
1164 36.25 -108.25 0.89
1165 36.25 -108.25 1.5
1166 36.25 -108.25 -2.63
1167 36.25 -108.25 0.42
1168 36.25 -108.25 -1.19
1169 36.25 -108.25 -3.05
1170 36.25 -108.25 0.79
1171 36.25 -108.25 2.91
1172 36.25 -108.25 0.32
1173 36.25 -108.25 1.88
1174 36.25 -108.25 -1.44
1175 36.25 -108.25 -2.11
1176 36.25 -108.25 -0.74
1177 36.25 -108.25 -2.41
1178 36.25 -108.25 0.67
1179 36.25 -108.25 0.52
1180 36.25 -108.25 1.64
1181 36.25 -108.25 0.91
1182 36.25 -108.25 -1.81
1183 36.25 -108.25 -0.68
1184 36.25 -108.25 3.28
1185 36.25 -108.25 0.21
1186 36.25 -108.25 -3.4
1187 36.25 -108.25 -1.03
1188 36.25 -108.25 0.16
1189 36.25 -108.25 -0.57
1190 36.25 -108.25 1.6
1191 36.25 -108.25 0.31
1192 36.25 -108.25 -0.63
1193 36.25 -108.25 0.24
1194 36.25 -108.25 0.96
1195 36.25 -108.25 2.66
1196 36.25 -108.25 2.18
1197 36.25 -108.25 3.76
1198 36.25 -108.25 -0.01
1199 36.25 -108.25 -0.8
1200 36.25 -108.25 3.41
1201 36.25 -108.25 3.93
1202 36.25 -108.25 1.88
1203 36.25 -108.25 1.61
1204 36.25 -108.25 0.32
1205 36.25 -108.25 -0.84
1206 36.25 -108.25 -0.82
1207 36.25 -108.25 0.4
1208 36.25 -108.25 -0.16
1209 36.25 -108.25 3.08
1210 36.25 -108.25 1.7
1211 36.25 -108.25 3.42
1212 36.25 -108.25 1.04
1213 36.25 -108.25 0.3
1214 36.25 -108.25 -1.55
1215 36.25 -108.25 -2.33
1216 36.25 -108.25 -2.85
1217 36.25 -108.25 -4.4
1218 36.25 -108.25 -2.26
1219 36.25 -108.25 2.04
1220 36.25 -108.25 0.24
1221 36.25 -108.25 -1.37
1222 36.25 -108.25 0.98
1223 36.25 -108.25 1.24
1224 36.25 -108.25 -0.14
1225 36.25 -108.25 -0.89
1226 36.25 -108.25 0.89
1227 36.25 -108.25 -3.5
1228 36.25 -108.25 1.5
1229 36.25 -108.25 2.6
1230 36.25 -108.25 0.89
1231 36.25 -108.25 1.12
1232 36.25 -108.25 1.26
1233 36.25 -108.25 -1.42
1234 36.25 -108.25 -2.16
1235 36.25 -108.25 0.48
1236 36.25 -108.25 -1.55
1237 36.25 -108.25 0.27
1238 36.25 -108.25 2.91
1239 36.25 -108.25 1.62
1240 36.25 -108.25 -2
1241 36.25 -108.25 1.65
1242 36.25 -108.25 1.64
1243 36.25 -108.25 0.51
1244 36.25 -108.25 0.48
1245 36.25 -108.25 -0.4
1246 36.25 -108.25 -2.21
1247 36.25 -108.25 -1.64
1248 36.25 -108.25 1.41
1249 36.25 -108.25 2.81
1250 36.25 -108.25 -0.97
1251 36.25 -108.25 -4.26
1252 36.25 -108.25 -1.94
1253 36.25 -108.25 0.89
1254 36.25 -108.25 -4.23
1255 36.25 -108.25 0.2
1256 36.25 -108.25 0.69
1257 36.25 -108.25 1.02
1258 36.25 -108.25 -3.76
1259 36.25 -108.25 2.34
1260 36.25 -108.25 0.89
1261 36.25 -108.25 -0.1
1262 36.25 -108.25 1.09
1263 36.25 -108.25 -1.01
1264 36.25 -108.25 -1.03
1265 36.25 -108.25 1.43
1266 36.25 -108.25 0.28
1267 36.25 -108.25 1.43
1268 36.25 -108.25 3.15
1269 36.25 -108.25 2.38
1270 36.25 -108.25 -1.05
1271 36.25 -108.25 1.21
1272 36.25 -108.25 1.01
1273 36.25 -108.25 -2.49
1274 36.25 -108.25 -2.29
1275 36.25 -108.25 2.89
1276 36.25 -108.25 -2.31
1277 36.25 -108.25 -1.47
1278 36.25 -108.25 -2.73
1279 36.25 -108.25 -0.88
1280 36.25 -108.25 -2.34
1281 36.25 -108.25 -1.35
1282 36.25 -108.25 -0.39
1283 36.25 -108.25 -1.87
1284 36.25 -108.25 -0.73
1285 36.25 -108.25 -1.61
1286 36.25 -108.25 -1.47
1287 36.25 -108.25 -0.27
1288 36.25 -108.25 -2.48
1289 36.25 -108.25 -0.73
1290 36.25 -108.25 2.54
1291 36.25 -108.25 -0.77
1292 36.25 -108.25 -1.46
1293 36.25 -108.25 -0.14
1294 36.25 -108.25 -1.03
1295 36.25 -108.25 -2.71
1296 36.25 -108.25 -1.04
1297 36.25 -108.25 -0.86
1298 36.25 -108.25 2.69
1299 36.25 -108.25 -0.2
1300 36.25 -108.25 0.09
1301 36.25 -108.25 2.57
1302 36.25 -108.25 3.58
1303 36.25 -108.25 1.96
1304 36.25 -108.25 0.54
1305 36.25 -108.25 3.93
1306 36.25 -108.25 0.8
1307 36.25 -108.25 -1.95
1308 36.25 -108.25 -0.81
1309 36.25 -108.25 3.68
1310 36.25 -108.25 4.07
1311 36.25 -108.25 1.92
1312 36.25 -108.25 2
1313 36.25 -108.25 7.21
1314 36.25 -108.25 3.46
1315 36.25 -108.25 -0.79
1316 36.25 -108.25 -4.41
1317 36.25 -108.25 -0.58
1318 36.25 -108.25 1.77
1319 36.25 -108.25 2.62
1320 36.25 -108.25 2.28
1321 36.25 -108.25 3.14
1322 36.25 -108.25 0.66
1323 36.25 -108.25 -0.93
1324 36.25 -108.25 -0.87
1325 36.25 -108.25 5.36
1326 36.25 -108.25 4.23
1327 36.25 -108.25 0.87
1328 36.25 -108.25 -0.82
1329 36.25 -108.25 -0.36
1330 36.25 -108.25 3.08
1331 36.25 -108.25 3.18
1332 36.25 -108.25 3.92
1333 36.25 -108.25 4.68
1334 36.25 -108.25 2.04
1335 36.25 -108.25 -1.55
1336 36.25 -108.25 0.79
1337 36.25 -108.25 3.49
1338 36.25 -108.25 -1.88
1339 36.25 -108.25 -0.2
1340 36.25 -108.25 -0.57
1341 36.25 -108.25 -0.68
1342 36.25 -108.25 -0.56
1343 36.25 -108.25 -0.32
1344 36.25 -108.25 0.41
1345 36.25 -108.25 0.65
1346 36.25 -108.25 0.66
1347 36.25 -108.25 -2.12
1348 36.25 -108.25 -1.31
1349 36.25 -108.25 0.56
1350 36.25 -108.25 -2.34
1351 36.25 -108.25 -1.08
1352 36.25 -108.25 -1.55
1353 36.25 -108.25 3.34
1354 36.25 -108.25 3.06
1355 36.25 -108.25 -1.33
1356 36.25 -108.25 2.25
1357 36.25 -108.25 2.86
1358 36.25 -108.25 4.45
1359 36.25 -108.25 2.86
1360 36.25 -108.25 -2.66
1361 36.25 -108.25 -2.03
1362 36.25 -108.25 -1.94
1363 36.25 -108.25 -2
1364 36.25 -108.25 -1.62
1365 36.25 -108.25 -0.37
1366 36.25 -108.25 1.05
1367 36.25 -108.25 -0.1
1368 36.25 -108.25 2.27
1369 36.25 -108.25 -1.02
1370 36.25 -108.25 2.7
1371 36.25 -108.25 0.75
1372 36.25 -108.25 1.2
1373 36.25 -108.25 1.23
1374 36.25 -108.25 2.36
1375 36.25 -108.25 -1.72
1376 36.25 -108.25 -3
1377 36.25 -108.25 -0.38
1378 36.25 -108.25 1.22
1379 36.25 -108.25 -0.42
1380 36.25 -108.25 3.54
1381 36.25 -108.25 1.39
1382 36.25 -108.25 0.39
1383 36.25 -108.25 2.93
1384 36.25 -108.25 0.96
1385 36.25 -108.25 1
1386 36.25 -108.25 1.84
1387 36.25 -108.25 1
1388 36.25 -108.25 0.77
1389 36.25 -108.25 -1.42
1390 36.25 -108.25 -2.88
1391 36.25 -108.25 -1.16
1392 36.25 -108.25 0.82
1393 36.25 -108.25 -0.03
1394 36.25 -108.25 1.79
1395 36.25 -108.25 1.17
1396 36.25 -108.25 0
1397 36.25 -108.25 -1.69
1398 36.25 -108.25 -1.19
1399 36.25 -108.25 -3.67
1400 36.25 -108.25 -1.36
1401 36.25 -108.25 -0.44
1402 36.25 -108.25 -1.22
1403 36.25 -108.25 -1.51
1404 36.25 -108.25 1.94
1405 36.25 -108.25 -0.02
1406 36.25 -108.25 1.86
1407 36.25 -108.25 -1.08
1408 36.25 -108.25 -0.19
1409 36.25 -108.25 2.82
1410 36.25 -108.25 0.24
1411 36.25 -108.25 -1.27
1412 36.25 -108.25 1.8
1413 36.25 -108.25 -2.23
1414 36.25 -108.25 2.91
1415 36.25 -108.25 -1.02
1416 36.25 -108.25 -1.24
1417 36.25 -108.25 1.18
1418 36.25 -108.25 0.16
1419 36.25 -108.25 -1.01
1420 36.25 -108.25 0.93
1421 36.25 -108.25 -1.75
1422 36.25 -108.25 -0.65
1423 36.25 -108.25 -2.08
1424 36.25 -108.25 -0.51
1425 36.25 -108.25 -0.23
1426 36.25 -108.25 2.18
1427 36.25 -108.25 2.73
1428 36.25 -108.25 3.72
1429 36.25 -108.25 0.49
1430 36.25 -108.25 0.99
1431 36.25 -108.25 1.44
1432 36.25 -108.25 0.42
1433 36.25 -108.25 1.62
1434 36.25 -108.25 1.46
1435 36.25 -108.25 -0.55
1436 36.25 -108.25 -0.3
1437 36.25 -108.25 -1.49
1438 36.25 -108.25 -2.53
1439 36.25 -108.25 -1.3
1440 36.25 -108.25 1.17
1441 36.25 -108.25 2.75
1442 36.25 -108.25 -1.49
1443 36.25 -108.25 -0.7
1444 36.25 -108.25 -0.84
1445 36.25 -108.25 -2.42
1446 36.25 -108.25 -1.3
1447 36.25 -108.25 0.65
1448 36.25 -108.25 -1.22
1449 36.25 -108.25 -2.46
1450 36.25 -108.25 -2.32
1451 36.25 -108.25 1.44
1452 36.25 -108.25 0.61
1453 36.25 -108.25 1.03
1454 36.25 -108.25 -0.53
1455 36.25 -108.25 -3.95
1456 36.25 -108.25 -1.64
1457 36.25 -108.25 -1.89
1458 36.25 -108.25 1.63
1459 36.25 -108.25 -0.54
1460 36.25 -108.25 -1.76
1461 36.25 -108.25 -1.62
1462 36.25 -108.25 1.86
1463 36.25 -108.25 0.19
1464 36.25 -108.25 -3.06
1465 36.25 -108.25 -1.74
1466 36.25 -108.25 2.32
1467 36.25 -108.25 3.56
1468 36.25 -108.25 1.19
1469 36.25 -108.25 0.45
1470 36.25 -108.25 -0.09
1471 36.25 -108.25 -3.83
1472 36.25 -108.25 -1.84
1473 36.25 -108.25 -1.29
1474 36.25 -108.25 -0.89
1475 36.25 -108.25 -2.44
1476 36.25 -108.25 0.33
1477 36.25 -108.25 1.65
1478 36.25 -108.25 1.56
1479 36.25 -108.25 -0.9
1480 36.25 -108.25 -2.82
1481 36.25 -108.25 -0.59
1482 36.25 -108.25 1.13
1483 36.25 -108.25 -0.29
1484 36.25 -108.25 5.65
1485 36.25 -108.25 3.54
1486 36.25 -108.25 3.03
1487 36.25 -108.25 -1.03
1488 36.25 -108.25 -0.19
1489 36.25 -108.25 1.2
1490 36.25 -108.25 1.71
1491 36.25 -108.25 4.53
1492 36.25 -108.25 1.6
1493 36.25 -108.25 -0.15
1494 36.25 -108.25 1.01
1495 36.25 -108.25 -4.36
1496 36.25 -108.25 -2.55
1497 36.25 -108.25 -0.62
1498 36.25 -108.25 3.39
1499 36.25 -108.25 0.67
1500 36.25 -108.25 -4.06
1501 36.25 -108.25 -1.66
1502 36.25 -108.25 0.58
1503 36.25 -108.25 0.19
1504 36.25 -108.25 1
1505 36.25 -108.25 -0.52
1506 36.25 -108.25 -4.03
1507 36.25 -108.25 0.29
1508 36.25 -108.25 1.16
1509 36.25 -108.25 2.77
1510 36.25 -108.25 -1.33
1511 36.25 -108.25 1.92
1512 36.25 -108.25 1.76
1513 36.25 -108.25 2.1
1514 36.25 -108.25 2.79
1515 36.25 -108.25 0.83
1516 36.25 -108.25 -2.05
1517 36.25 -108.25 -1.97
1518 36.25 -108.25 -0.32
1519 36.25 -108.25 2.24
1520 36.25 -108.25 1.07
1521 36.25 -108.25 2.35
1522 36.25 -108.25 -3.31
1523 36.25 -108.25 -0.98
1524 36.25 -108.25 -1.01
1525 36.25 -108.25 -0.23
1526 36.25 -108.25 2.44
1527 36.25 -108.25 1.01
1528 36.25 -108.25 -1.09
1529 36.25 -108.25 0.69
1530 36.25 -108.25 1.04
1531 36.25 -108.25 -0.1
1532 36.25 -108.25 -3.42
1533 36.25 -108.25 -1.28
1534 36.25 -108.25 0.35
1535 36.25 -108.25 0.49
1536 36.25 -108.25 2.86
1537 36.25 -108.25 2.36
1538 36.25 -108.25 -2.13
1539 36.25 -108.25 0.84
1540 36.25 -108.25 2.62
1541 36.25 -108.25 1.2
1542 36.25 -108.25 -4.06
1543 36.25 -108.25 -0.49
1544 36.25 -108.25 -0.94
1545 36.25 -108.25 -1.86
1546 36.25 -108.25 -0.43
1547 36.25 -108.25 -0.99
1548 36.25 -108.25 -0.41
1549 36.25 -108.25 1.48
1550 36.25 -108.25 2.13
1551 36.25 -108.25 -0.76
1552 36.25 -108.25 -0.06
1553 36.25 -108.25 2.71
1554 36.25 -108.25 0.88
1555 36.25 -108.25 2.55
1556 36.25 -108.25 4.09
1557 36.25 -108.25 2.49
1558 36.25 -108.25 -1.16
1559 36.25 -108.25 -0.76
1560 36.25 -108.25 -0.36
1561 36.25 -108.25 -1.1
1562 36.25 -108.25 -1.41
1563 36.25 -108.25 -0.31
1564 36.25 -108.25 1.94
1565 36.25 -108.25 3.3
1566 36.25 -108.25 0.57
1567 36.25 -108.25 -1.24
1568 36.25 -108.25 0.45
1569 36.25 -108.25 1.84
1570 36.25 -108.25 1.04
1571 36.25 -108.25 0.07
1572 36.25 -108.25 0.55
1573 36.25 -108.25 -2.75
1574 36.25 -108.25 -2.41
1575 36.25 -108.25 -0.63
1576 36.25 -108.25 -1.23
1577 36.25 -108.25 1.02
1578 36.25 -108.25 0.04
1579 36.25 -108.25 -2.92
1580 36.25 -108.25 -2.4
1581 36.25 -108.25 -1.13
1582 36.25 -108.25 -1
1583 36.25 -108.25 -2.87
1584 36.25 -108.25 -4.11
1585 36.25 -108.25 -4.14
1586 36.25 -108.25 -0.09
1587 36.25 -108.25 0.2
1588 36.25 -108.25 1.8
1589 36.25 -108.25 1.18
1590 36.25 -108.25 -2.93
1591 36.25 -108.25 -1.17
1592 36.25 -108.25 -1.59
1593 36.25 -108.25 -1.47
1594 36.25 -108.25 3.36
1595 36.25 -108.25 2.58
1596 36.25 -108.25 2.04
1597 36.25 -108.25 0.63
1598 36.25 -108.25 -1.89
1599 36.25 -108.25 1.27
1600 36.25 -108.25 -2.69
1601 36.25 -108.25 -2.12
1602 36.25 -108.25 0.37
1603 36.25 -108.25 1.75
1604 36.25 -108.25 2.2
1605 36.25 -108.25 2.32
1606 36.25 -108.25 1.29
1607 36.25 -108.25 -0.86
1608 36.25 -108.25 1.32
1609 36.25 -108.25 1.75
1610 36.25 -108.25 3.82
1611 36.25 -108.25 2.02
1612 36.25 -108.25 0.73
1613 36.25 -108.25 0.28
1614 36.25 -108.25 0.58
1615 36.25 -108.25 1.88
1616 36.25 -108.25 0.66
1617 36.25 -108.25 2.35
1618 36.25 -108.25 4.69
1619 36.25 -108.25 1.06
1620 36.25 -108.25 1.99
1621 36.25 -108.25 4.03
1622 36.25 -108.25 -0.31
1623 36.25 -108.25 -2.67
1624 36.25 -108.25 -3.06
1625 36.25 -108.25 -1.86
1626 36.25 -108.25 -2.25
1627 36.25 -108.25 1.08
1628 36.25 -108.25 -0.64
1629 36.25 -108.25 1.34
1630 36.25 -108.25 1.63
1631 36.25 -108.25 -1.11
1632 36.25 -108.25 -3.36
1633 36.25 -108.25 0.75
1634 36.25 -108.25 1.67
1635 36.25 -108.25 2.31
1636 36.25 -108.25 0.98
1637 36.25 -108.25 -0.03
1638 36.25 -108.25 -1.48
1639 36.25 -108.25 0.98
1640 36.25 -108.25 2.94
1641 36.25 -108.25 1.23
1642 36.25 -108.25 0.83
1643 36.25 -108.25 1.11
1644 36.25 -108.25 1.8
1645 36.25 -108.25 -1.55
1646 36.25 -108.25 0.62
1647 36.25 -108.25 2.03
1648 36.25 -108.25 -1.97
1649 36.25 -108.25 0.92
1650 36.25 -108.25 0.61
1651 36.25 -108.25 3.75
1652 36.25 -108.25 0.53
1653 36.25 -108.25 -0.35
1654 36.25 -108.25 -4.01
1655 36.25 -108.25 1.38
1656 36.25 -108.25 1.44
1657 36.25 -108.25 -0.4
1658 36.25 -108.25 -1.7
1659 36.25 -108.25 -0.54
1660 36.25 -108.25 1.67
1661 36.25 -108.25 2.12
1662 36.25 -108.25 1.16
1663 36.25 -108.25 0.03
1664 36.25 -108.25 -2.04
1665 36.25 -108.25 -0.15
1666 36.25 -108.25 -1.78
1667 36.25 -108.25 -2.44
1668 36.25 -108.25 -3.21
1669 36.25 -108.25 -1.62
1670 36.25 -108.25 -2.29
1671 36.25 -108.25 -0.37
1672 36.25 -108.25 0.87
1673 36.25 -108.25 1.24
1674 36.25 -108.25 1.88
1675 36.25 -108.25 -0.55
1676 36.25 -108.25 -1.77
1677 36.25 -108.25 0.62
1678 36.25 -108.25 1.66
1679 36.25 -108.25 -0.61
1680 36.25 -108.25 3.46
1681 36.25 -108.25 1.51
1682 36.25 -108.25 0.42
1683 36.25 -108.25 2.67
1684 36.25 -108.25 -2.03
1685 36.25 -108.25 -5.85
1686 36.25 -108.25 -1.57
1687 36.25 -108.25 1.11
1688 36.25 -108.25 1.59
1689 36.25 -108.25 3.95
1690 36.25 -108.25 0.74
1691 36.25 -108.25 0.33
1692 36.25 -108.25 3.2
1693 36.25 -108.25 2.88
1694 36.25 -108.25 -0.56
1695 36.25 -108.25 0.26
1696 36.25 -108.25 -2.14
1697 36.25 -108.25 0.08
1698 36.25 -108.25 0.36
1699 36.25 -108.25 2.66
1700 36.25 -108.25 -1.15
1701 36.25 -108.25 3.04
1702 36.25 -108.25 0.57
1703 36.25 -108.25 -0.82
1704 36.25 -108.25 -1.44
1705 36.25 -108.25 0.38
1706 36.25 -108.25 1.94
1707 36.25 -108.25 -1.9
1708 36.25 -108.25 -1.25
1709 36.25 -108.25 -1.07
1710 36.25 -108.25 3.64
1711 36.25 -108.25 1.63
1712 36.25 -108.25 1.45
1713 36.25 -108.25 0.47
1714 36.25 -108.25 -0.9
1715 36.25 -108.25 -1.06
1716 36.25 -108.25 -2.06
1717 36.25 -108.25 -0.55
1718 36.25 -108.25 2.46
1719 36.25 -108.25 1.03
1720 36.25 -108.25 7.33
1721 36.25 -108.25 2.41
1722 36.25 -108.25 -1.1
1723 36.25 -108.25 0.42
1724 36.25 -108.25 -0.59
1725 36.25 -108.25 1.78
1726 36.25 -108.25 5.99
1727 36.25 -108.25 1.54
1728 36.25 -108.25 -1.79
1729 36.25 -108.25 -5.07
1730 36.25 -108.25 -1.73
1731 36.25 -108.25 -0.18
1732 36.25 -108.25 0.86
1733 36.25 -108.25 -1.68
1734 36.25 -108.25 1.58
1735 36.25 -108.25 -3.72
1736 36.25 -108.25 -0.86
1737 36.25 -108.25 -1.73
1738 36.25 -108.25 0.04
1739 36.25 -108.25 -0.89
1740 36.25 -108.25 -1.21
1741 36.25 -108.25 0.28
1742 36.25 -108.25 -0.8
1743 36.25 -108.25 2.72
1744 36.25 -108.25 0.57
1745 36.25 -108.25 1.7
1746 36.25 -108.25 6.07
1747 36.25 -108.25 6.53
1748 36.25 -108.25 -4.35
1749 36.25 -108.25 1.77
1750 36.25 -108.25 -0.77
1751 36.25 -108.25 -0.11
1752 36.25 -108.25 -2.9
1753 36.25 -108.25 -1.14
1754 36.25 -108.25 0.88
1755 36.25 -108.25 -0.59
1756 36.25 -108.25 -1.2
1757 36.25 -108.25 -1.35
1758 36.25 -108.25 0.96
1759 36.25 -108.25 1.26
1760 36.25 -108.25 0.77
1761 36.25 -108.25 0.88
1762 36.25 -108.25 2.09
1763 36.25 -108.25 -1.81
1764 36.25 -108.25 1.55
1765 36.25 -108.25 -0.6
1766 36.25 -108.25 2.52
1767 36.25 -108.25 1.08
1768 36.25 -108.25 1.9
1769 36.25 -108.25 0.94
1770 36.25 -108.25 0.69
1771 36.25 -108.25 3.96
1772 36.25 -108.25 0.46
1773 36.25 -108.25 -4.32
1774 36.25 -108.25 -1.82
1775 36.25 -108.25 -0.48
1776 36.25 -108.25 -0.3
1777 36.25 -108.25 -1.51
1778 36.25 -108.25 -2.12
1779 36.25 -108.25 -1.37
1780 36.25 -108.25 -3.05
1781 36.25 -108.25 -1.3
1782 36.25 -108.25 -2.08
1783 36.25 -108.25 1.44
1784 36.25 -108.25 4.92
1785 36.25 -108.25 0.1
1786 36.25 -108.25 -1.29
1787 36.25 -108.25 2.36
1788 36.25 -108.25 -1.2
1789 36.25 -108.25 -2.45
1790 36.25 -108.25 0.1
1791 36.25 -108.25 2.72
1792 36.25 -108.25 2.82
1793 36.25 -108.25 6.48
1794 36.25 -108.25 0.29
1795 36.25 -108.25 -0.08
1796 36.25 -108.25 -0.49
1797 36.25 -108.25 -0.08
1798 36.25 -108.25 -1.21
1799 36.25 -108.25 1.3
1800 36.25 -108.25 0.81
1801 36.25 -108.25 -1.69
1802 36.25 -108.25 0.67
1803 36.25 -108.25 -0.2
1804 36.25 -108.25 0.92
1805 36.25 -108.25 -1.59
1806 36.25 -108.25 -2.65
1807 36.25 -108.25 0.85
1808 36.25 -108.25 -0.26
1809 36.25 -108.25 -0.8
1810 36.25 -108.25 -0.35
1811 36.25 -108.25 1.08
1812 36.25 -108.25 0.37
1813 36.25 -108.25 -1.72
1814 36.25 -108.25 -0.42
1815 36.25 -108.25 2.08
1816 36.25 -108.25 6.25
1817 36.25 -108.25 1.69
1818 36.25 -108.25 -3.61
1819 36.25 -108.25 -3.12
1820 36.25 -108.25 -2.86
1821 36.25 -108.25 1.02
1822 36.25 -108.25 -2.46
1823 36.25 -108.25 -2
1824 36.25 -108.25 -1.61
1825 36.25 -108.25 0.56
1826 36.25 -108.25 1.37
1827 36.25 -108.25 0.48
1828 36.25 -108.25 4.02
1829 36.25 -108.25 -0.34
1830 36.25 -108.25 0.48
1831 36.25 -108.25 1.32
1832 36.25 -108.25 1.81
1833 36.25 -108.25 2.69
1834 36.25 -108.25 0.56
1835 36.25 -108.25 2.22
1836 36.25 -108.25 0.3
1837 36.25 -108.25 1.86
1838 36.25 -108.25 3.52
1839 36.25 -108.25 5.54
1840 36.25 -108.25 3.85
1841 36.25 -108.25 0.82
1842 36.25 -108.25 -2.61
1843 36.25 -108.25 -0.47
1844 36.25 -108.25 2.08
1845 36.25 -108.25 -1.36
1846 36.25 -108.25 -0.63
1847 36.25 -108.25 -4.15
1848 36.25 -108.25 -0.36
1849 36.25 -108.25 4.07
1850 36.25 -108.25 2.79
1851 36.25 -108.25 -2.88
1852 36.25 -108.25 1.12
1853 36.25 -108.25 1.55
1854 36.25 -108.25 0.67
1855 36.25 -108.25 0.59
1856 36.25 -108.25 0.87
1857 36.25 -108.25 -0.86
1858 36.25 -108.25 1.52
1859 36.25 -108.25 -0.92
1860 36.25 -108.25 -0.26
1861 36.25 -108.25 -3.76
1862 36.25 -108.25 0.54
1863 36.25 -108.25 -0.58
1864 36.25 -108.25 -2.1
1865 36.25 -108.25 0.04
1866 36.25 -108.25 3.14
1867 36.25 -108.25 3.68
1868 36.25 -108.25 4.45
1869 36.25 -108.25 3.87
1870 36.25 -108.25 -0.69
1871 36.25 -108.25 -2.56
1872 36.25 -108.25 -0.78
1873 36.25 -108.25 -1.86
1874 36.25 -108.25 -0.5
1875 36.25 -108.25 -0.42
1876 36.25 -108.25 -1.15
1877 36.25 -108.25 0.71
1878 36.25 -108.25 0.27
1879 36.25 -108.25 -1.97
1880 36.25 -108.25 -2.74
1881 36.25 -108.25 -1.81
1882 36.25 -108.25 -0.53
1883 36.25 -108.25 -1.34
1884 36.25 -108.25 1.17
1885 36.25 -108.25 2.74
1886 36.25 -108.25 0.6
1887 36.25 -108.25 -0.35
1888 36.25 -108.25 0.97
1889 36.25 -108.25 0.64
1890 36.25 -108.25 0.71
1891 36.25 -108.25 1.81
1892 36.25 -108.25 0.76
1893 36.25 -108.25 -2.2
1894 36.25 -108.25 -2.35
1895 36.25 -108.25 0.69
1896 36.25 -108.25 -2.45
1897 36.25 -108.25 1.19
1898 36.25 -108.25 1.94
1899 36.25 -108.25 -3.27
1900 36.25 -108.25 -2.29
1901 36.25 -108.25 -0.76
1902 36.25 -108.25 -3.57
1903 36.25 -108.25 0.94
1904 36.25 -108.25 -3.09
1905 36.25 -108.25 1.41
1906 36.25 -108.25 2.33
1907 36.25 -108.25 5.87
1908 36.25 -108.25 2.67
1909 36.25 -108.25 1.42
1910 36.25 -108.25 0.35
1911 36.25 -108.25 2.86
1912 36.25 -108.25 3.27
1913 36.25 -108.25 0.2
1914 36.25 -108.25 3.91
1915 36.25 -108.25 3.72
1916 36.25 -108.25 3.04
1917 36.25 -108.25 2.39
1918 36.25 -108.25 -0.42
1919 36.25 -108.25 2.55
1920 36.25 -108.25 4.09
1921 36.25 -108.25 2.57
1922 36.25 -108.25 0.11
1923 36.25 -108.25 -1
1924 36.25 -108.25 0.76
1925 36.25 -108.25 -1.62
1926 36.25 -108.25 1.6
1927 36.25 -108.25 1.27
1928 36.25 -108.25 0.49
1929 36.25 -108.25 0.35
1930 36.25 -108.25 0.85
1931 36.25 -108.25 0.06
1932 36.25 -108.25 2.32
1933 36.25 -108.25 0.86
1934 36.25 -108.25 -2.35
1935 36.25 -108.25 0.72
1936 36.25 -108.25 -0.89
1937 36.25 -108.25 1.83
1938 36.25 -108.25 1.65
1939 36.25 -108.25 -0.88
1940 36.25 -108.25 -0.53
1941 36.25 -108.25 4.97
1942 36.25 -108.25 3.31
1943 36.25 -108.25 -0.09
1944 36.25 -108.25 1.01
1945 36.25 -108.25 0.23
1946 36.25 -108.25 -2.77
1947 36.25 -108.25 -0.36
1948 36.25 -108.25 0.94
1949 36.25 -108.25 3.17
1950 36.25 -108.25 -1.68
1951 36.25 -108.25 -4.01
1952 36.25 -108.25 0.77
1953 36.25 -108.25 -1.1
1954 36.25 -108.25 -1.87
1955 36.25 -108.25 -1.64
1956 36.25 -108.25 -3.55
1957 36.25 -108.25 0.17
1958 36.25 -108.25 1.14
1959 36.25 -108.25 -2.56
1960 36.25 -108.25 0.3
1961 36.25 -108.25 -1.02
1962 36.25 -108.25 -0.33
1963 36.25 -108.25 -1.98
1964 36.25 -108.25 -1.86
1965 36.25 -108.25 2.42
1966 36.25 -108.25 1.13
1967 36.25 -108.25 -1.15
1968 36.25 -108.25 0.14
1969 36.25 -108.25 1.82
1970 36.25 -108.25 0.88
1971 36.25 -108.25 -2.17
1972 36.25 -108.25 -0.91
1973 36.25 -108.25 2.3
1974 36.25 -108.25 -1.58
1975 36.25 -108.25 2.05
1976 36.25 -108.25 -0.02
1977 36.25 -108.25 -3.32
1978 36.25 -108.25 0.42
1979 36.25 -108.25 2.08
1980 36.25 -108.25 1.02
1981 36.25 -108.25 -1.28
1982 36.25 -108.25 0.04
1983 36.25 -108.25 1.88
1984 36.25 -108.25 0.44
1985 36.25 -108.25 1.5
1986 36.25 -108.25 1.03
1987 36.25 -108.25 3.69
1988 36.25 -108.25 3.07
1989 36.25 -108.25 -1.81
1990 36.25 -108.25 -1.6
1991 36.25 -108.25 -0.23
1992 36.25 -108.25 1.82
1993 36.25 -108.25 0.12
1994 36.25 -108.25 -1.51
1995 36.25 -108.25 -0.58
1996 36.25 -108.25 -3.56
1997 36.25 -108.25 1.81
1998 36.25 -108.25 0.52
1999 36.25 -108.25 0.88
2000 36.25 -108.25 -1.43
2001 36.25 -108.25 -0.39
2002 36.25 -108.25 -4.23
2003 36.25 -108.25 -2.71
2004 36.25 -108.25 -2.29
2005 36.25 -108.25 0.93
2006 36.25 -108.25 -2.09
2007 36.25 -108.25 0.65
2008 36.25 -108.25 -0.33
2009 36.25 -108.25 -0.88
2010 36.25 -108.25 0.01
2011 36.25 -108.25 -1.38
2012 36.25 -108.25 -2.02
2013 36.25 -108.25 -2.12
2014 36.25 -108.25 -2.8
2015 36.25 -108.25 2.42
2016 36.25 -108.25 -1.47
2017 36.25 -108.25 -0.17
